1408.0000000000	
1369.0000000000	
1406.0000000000	
1407.0000000000	
1313.0000000000	
1430.0000000000	
1402.0000000000	
1391.0000000000	
1438.0000000000	
1404.0000000000	
1377.0000000000	
1375.0000000000	
1379.0000000000	
1379.0000000000	
1401.0000000000	
1401.0000000000	
1432.0000000000	
1391.0000000000	
1401.0000000000	
1391.0000000000	
1369.0000000000	
1400.0000000000	
1409.0000000000	
1406.0000000000	
1406.0000000000	
1441.0000000000	
1408.0000000000	
1436.0000000000	
1429.0000000000	
1370.0000000000	
1414.0000000000	
1409.0000000000	
1426.0000000000	
1432.0000000000	
1391.0000000000	
1391.0000000000	
1391.0000000000	
1397.0000000000	
1401.0000000000	
1406.0000000000	
1411.0000000000	
1430.0000000000	
1430.0000000000	
1399.0000000000	
1365.0000000000	
1376.0000000000	
1412.0000000000	
1395.0000000000	
1415.0000000000	
1413.0000000000	
1409.0000000000	
1410.0000000000	
1435.0000000000	
1333.0000000000	
1367.0000000000	
1367.0000000000	
1367.0000000000	
1375.0000000000	
1375.0000000000	
1380.0000000000	
1403.0000000000	
1409.0000000000	
1413.0000000000	
1358.0000000000	
1445.0000000000	
1391.0000000000	
1411.0000000000	
1420.0000000000	
1411.0000000000	
1382.0000000000	
1449.0000000000	
1397.0000000000	
1445.0000000000	
1434.0000000000	
1419.0000000000	
1374.0000000000	
1372.0000000000	
1459.0000000000	
1463.0000000000	
1421.0000000000	
1463.0000000000	
1426.0000000000	
1378.0000000000	
1385.0000000000	
1387.0000000000	
1387.0000000000	
1425.0000000000	
1407.0000000000	
1410.0000000000	
1379.0000000000	
1440.0000000000	
1429.0000000000	
1439.0000000000	
1384.0000000000	
1367.0000000000	
1383.0000000000	
1424.0000000000	
1392.0000000000	
1409.0000000000	
1409.0000000000	
1409.0000000000	
1409.0000000000	
1384.0000000000	
1396.0000000000	
1365.0000000000	
1415.0000000000	
1406.0000000000	
1416.0000000000	
1382.0000000000	
1450.0000000000	
1316.0000000000	
1403.0000000000	
1374.0000000000	
1370.0000000000	
1373.0000000000	
1377.0000000000	
1362.0000000000	
1398.0000000000	
1377.0000000000	
1348.0000000000	
1401.0000000000	
1387.0000000000	
1403.0000000000	
1389.0000000000	
1336.0000000000	
1323.0000000000	
1388.0000000000	
1393.0000000000	
1396.0000000000	
1401.0000000000	
1302.0000000000	
1389.0000000000	
1387.0000000000	
1403.0000000000	
1362.0000000000	
1381.0000000000	
1397.0000000000	
1390.0000000000	
1415.0000000000	
1398.0000000000	
1355.0000000000	
1438.0000000000	
1409.0000000000	
1400.0000000000	
1356.0000000000	
1407.0000000000	
1390.0000000000	
1407.0000000000	
1407.0000000000	
1400.0000000000	
1409.0000000000	
1430.0000000000	
1396.0000000000	
1401.0000000000	
1425.0000000000	
1389.0000000000	
1438.0000000000	
1445.0000000000	
1448.0000000000	
1398.0000000000	
1420.0000000000	
1437.0000000000	
1414.0000000000	
1396.0000000000	
1413.0000000000	
1375.0000000000	
1437.0000000000	
1393.0000000000	
1427.0000000000	
1391.0000000000	
1433.0000000000	
1441.0000000000	
1405.0000000000	
1397.0000000000	
1413.0000000000	
1406.0000000000	
1373.0000000000	
1448.0000000000	
1403.0000000000	
1408.0000000000	
1439.0000000000	
1416.0000000000	
1415.0000000000	
1406.0000000000	
1388.0000000000	
1423.0000000000	
1423.0000000000	
1427.0000000000	
1461.0000000000	
1406.0000000000	
1411.0000000000	
1398.0000000000	
1385.0000000000	
1410.0000000000	
1429.0000000000	
1387.0000000000	
1397.0000000000	
1396.0000000000	
1354.0000000000	
1430.0000000000	
1425.0000000000	
1452.0000000000	
1422.0000000000	
1433.0000000000	
1433.0000000000	
1427.0000000000	
1431.0000000000	
1416.0000000000	
1346.0000000000	
1424.0000000000	
1401.0000000000	
1436.0000000000	
1376.0000000000	
1376.0000000000	
1430.0000000000	
1404.0000000000	
1383.0000000000	
1392.0000000000	
1356.0000000000	
1356.0000000000	
1403.0000000000	
1422.0000000000	
1396.0000000000	
1421.0000000000	
1411.0000000000	
1411.0000000000	
1409.0000000000	
1384.0000000000	
1410.0000000000	
1389.0000000000	
1396.0000000000	
1416.0000000000	
1392.0000000000	
1391.0000000000	
1414.0000000000	
1398.0000000000	
1357.0000000000	
1416.0000000000	
1334.0000000000	
1334.0000000000	
1417.0000000000	
1408.0000000000	
1391.0000000000	
1428.0000000000	
1408.0000000000	
1419.0000000000	
1434.0000000000	
1411.0000000000	
1378.0000000000	
1409.0000000000	
1415.0000000000	
1408.0000000000	
1395.0000000000	
1415.0000000000	
1389.0000000000	
1467.0000000000	
1415.0000000000	
1415.0000000000	
1339.0000000000	
1347.0000000000	
1350.0000000000	
1395.0000000000	
1336.0000000000	
1386.0000000000	
1349.0000000000	
1398.0000000000	
1398.0000000000	
1392.0000000000	
1397.0000000000	
1383.0000000000	
1357.0000000000	
1354.0000000000	
1337.0000000000	
1386.0000000000	
1406.0000000000	
1395.0000000000	
1416.0000000000	
1410.0000000000	
1453.0000000000	
1441.0000000000	
1430.0000000000	
1389.0000000000	
1434.0000000000	
1390.0000000000	
1400.0000000000	
1407.0000000000	
1410.0000000000	
1437.0000000000	
1397.0000000000	
1430.0000000000	
1406.0000000000	
1392.0000000000	
1391.0000000000	
1405.0000000000	
1394.0000000000	
1426.0000000000	
1403.0000000000	
1377.0000000000	
1406.0000000000	
1424.0000000000	
1403.0000000000	
1332.0000000000	
1332.0000000000	
1425.0000000000	
1374.0000000000	
1356.0000000000	
1374.0000000000	
1363.0000000000	
1345.0000000000	
1391.0000000000	
1366.0000000000	
1424.0000000000	
1383.0000000000	
1377.0000000000	
1351.0000000000	
1363.0000000000	
1423.0000000000	
1416.0000000000	
1425.0000000000	
1426.0000000000	
1406.0000000000	
1426.0000000000	
1410.0000000000	
1395.0000000000	
1386.0000000000	
1366.0000000000	
1363.0000000000	
1380.0000000000	
1380.0000000000	
1360.0000000000	
1350.0000000000	
1371.0000000000	
1406.0000000000	
1440.0000000000	
1382.0000000000	
1375.0000000000	
1421.0000000000	
1356.0000000000	
1457.0000000000	
1433.0000000000	
1440.0000000000	
1428.0000000000	
1445.0000000000	
1426.0000000000	
1414.0000000000	
1417.0000000000	
1413.0000000000	
1409.0000000000	
1385.0000000000	
1403.0000000000	
1397.0000000000	
1404.0000000000	
1405.0000000000	
1410.0000000000	
1397.0000000000	
1397.0000000000	
1393.0000000000	
1390.0000000000	
1408.0000000000	
1366.0000000000	
1393.0000000000	
1408.0000000000	
1401.0000000000	
1386.0000000000	
1380.0000000000	
1392.0000000000	
1386.0000000000	
1413.0000000000	
1378.0000000000	
1392.0000000000	
1391.0000000000	
1391.0000000000	
1346.0000000000	
1397.0000000000	
1402.0000000000	
1387.0000000000	
1378.0000000000	
1337.0000000000	
1394.0000000000	
1405.0000000000	
1409.0000000000	
1405.0000000000	
1426.0000000000	
1403.0000000000	
1391.0000000000	
1384.0000000000	
1385.0000000000	
1378.0000000000	
1372.0000000000	
1373.0000000000	
1319.0000000000	
1319.0000000000	
1319.0000000000	
1363.0000000000	
1375.0000000000	
1338.0000000000	
1420.0000000000	
1414.0000000000	
1394.0000000000	
1409.0000000000	
1398.0000000000	
1362.0000000000	
1393.0000000000	
1410.0000000000	
1413.0000000000	
1407.0000000000	
1404.0000000000	
1416.0000000000	
1414.0000000000	
1409.0000000000	
1384.0000000000	
1384.0000000000	
1390.0000000000	
1351.0000000000	
1410.0000000000	
1447.0000000000	
1411.0000000000	
1411.0000000000	
1421.0000000000	
1410.0000000000	
1414.0000000000	
1375.0000000000	
1355.0000000000	
1379.0000000000	
1410.0000000000	
1345.0000000000	
1411.0000000000	
1345.0000000000	
1399.0000000000	
1412.0000000000	
1366.0000000000	
1382.0000000000	
1397.0000000000	
1411.0000000000	
1357.0000000000	
1363.0000000000	
1363.0000000000	
1371.0000000000	
1372.0000000000	
1351.0000000000	
1388.0000000000	
1396.0000000000	
1415.0000000000	
1373.0000000000	
1376.0000000000	
1406.0000000000	
1346.0000000000	
1373.0000000000	
1389.0000000000	
1392.0000000000	
1390.0000000000	
1392.0000000000	
1392.0000000000	
1349.0000000000	
1371.0000000000	
1414.0000000000	
1415.0000000000	
1365.0000000000	
1394.0000000000	
1431.0000000000	
1415.0000000000	
1414.0000000000	
1412.0000000000	
1397.0000000000	
1412.0000000000	
1392.0000000000	
1430.0000000000	
1435.0000000000	
1353.0000000000	
1343.0000000000	
1388.0000000000	
1388.0000000000	
1439.0000000000	
1381.0000000000	
1387.0000000000	
1398.0000000000	
1379.0000000000	
1411.0000000000	
1406.0000000000	
1392.0000000000	
1386.0000000000	
1418.0000000000	
1422.0000000000	
1420.0000000000	
1421.0000000000	
1421.0000000000	
1427.0000000000	
1405.0000000000	
1390.0000000000	
1408.0000000000	
1411.0000000000	
1430.0000000000	
1431.0000000000	
1410.0000000000	
1378.0000000000	
1348.0000000000	
1389.0000000000	
1414.0000000000	
1432.0000000000	
1422.0000000000	
