12 11 14 3
16 9 12 3
8 14 13 5
10 12 11 7
11 11 15 3
9 15 12 4
16 9 8 7
14 8 14 4
11 9 16 4
11 12 14 3
16 7 14 3
14 7 13 6
9 7 18 6
8 16 12 4
8 13 15 4
7 14 12 7
16 7 14 3
11 8 15 6
9 9 14 8
8 11 16 5
10 11 14 5
12 15 11 2
10 10 16 4
14 9 13 4
9 13 14 4
17 10 9 4
12 10 14 4
10 9 12 9
9 7 21 3
11 12 15 2
12 13 10 5
6 19 12 3
12 11 14 3
12 15 11 2
9 12 13 6
10 13 14 3
6 7 19 8
7 17 11 5
13 14 10 3
13 6 14 7
13 7 16 4
9 10 14 7
13 14 10 3
16 7 12 5
10 9 17 4
9 15 10 6
14 13 9 4
8 11 17 4
12 8 15 5
14 12 9 5
10 15 11 4
13 11 12 4
10 9 13 8
16 4 11 9
8 16 8 8
9 12 14 5
11 17 8 4
12 12 12 4
9 11 18 2
10 17 10 3
12 13 13 2
12 15 7 6
10 7 12 11
8 10 19 3
10 13 12 5
11 10 14 5
13 11 14 2
11 10 14 5
14 13 9 4
8 7 15 10
13 8 17 2
17 8 12 3
6 9 17 8
12 8 14 6
10 15 11 4
9 16 12 3
8 15 13 4
12 7 13 8
11 10 14 5
13 10 12 5
9 12 12 7
9 10 16 5
11 17 8 4
10 11 15 4
6 16 14 4
7 12 15 6
17 8 10 5
12 8 17 3
16 12 9 3
11 12 9 8
11 13 12 4
11 4 20 5
16 9 10 5
11 8 18 3
13 13 10 4
7 11 19 3
13 13 11 3
13 11 12 4
11 13 10 6
10 13 14 3
17 6 13 4
10 10 13 7
11 5 20 4
10 8 15 7
11 8 16 5
9 14 10 7
14 9 13 4
9 12 11 8
10 12 11 7
10 12 14 4
18 7 11 4
12 12 13 3
6 20 8 6
11 11 13 5
10 12 14 4
11 10 17 2
12 12 11 5
11 11 15 3
12 12 10 6
11 13 10 6
11 14 12 3
11 18 10 1
15 10 13 2
9 17 10 4
11 13 13 3
9 15 12 4
16 13 8 3
5 12 18 5
10 8 19 3
15 13 7 5
6 16 12 6
14 8 12 6
9 11 14 6
11 12 14 3
5 13 16 6
12 13 9 6
6 5 21 8
15 10 14 1
14 6 14 6
8 9 19 4
9 16 13 2
11 8 15 6
11 13 12 4
13 10 12 5
14 10 13 3
15 10 11 4
12 10 14 4
12 13 12 3
15 9 13 3
14 9 10 7
12 15 11 2
14 9 13 4
12 10 11 7
14 5 15 6
14 9 13 4
12 9 15 4
7 15 13 5
12 8 15 5
11 11 14 4
7 14 15 4
17 9 10 4
9 15 13 3
8 10 20 2
9 15 10 6
14 10 11 5
12 13 12 3
10 15 11 4
15 8 11 6
13 14 9 4
14 12 11 3
11 14 13 2
9 11 14 6
7 13 15 5
12 7 15 6
13 10 15 2
16 6 14 4
6 15 14 5
12 11 13 4
13 10 15 2
8 16 14 2
8 14 12 6
4 16 11 9
13 6 13 8
10 12 11 7
13 10 11 6
9 16 13 2
16 6 12 6
9 9 16 6
11 16 10 3
9 15 10 6
12 8 14 6
14 12 11 3
15 14 7 4
14 8 13 5
11 13 12 4
13 15 10 2
9 13 15 3
10 9 16 5
11 10 16 3
14 6 16 4
13 8 16 3
11 10 14 5
17 10 8 5
11 14 14 1
12 14 11 3
7 14 14 5
11 10 13 6
11 11 17 1
14 9 12 5
7 10 18 5
8 16 14 2
11 14 14 1
13 13 9 5
12 12 10 6
8 17 11 4
10 12 12 6
14 11 10 5
10 12 15 3
11 14 12 3
9 15 14 2
13 6 14 7
14 11 10 5
9 14 12 5
10 15 11 4
14 11 13 2
11 12 15 2
14 8 14 4
13 9 11 7
11 10 13 6
9 15 12 4
14 8 14 4
10 11 14 5
7 16 15 2
13 6 13 8
8 12 16 4
12 14 11 3
11 8 14 7
10 13 11 6
14 8 15 3
12 7 16 5
15 8 15 2
10 12 16 2
6 17 9 8
9 11 16 4
6 13 14 7
7 12 19 2
16 13 10 1
8 11 14 7
13 16 9 2
12 12 8 8
14 9 14 3
13 11 14 2
8 15 12 5
6 11 16 7
6 13 17 4
12 12 11 5
11 15 11 3
7 11 17 5
11 11 13 5
12 7 17 4
8 12 16 4
8 15 16 1
16 10 12 2
9 13 13 5
12 10 13 5
11 10 14 5
6 17 15 2
7 15 13 5
17 11 7 5
10 10 13 7
12 6 21 1
11 9 18 2
11 13 11 5
6 14 16 4
8 9 16 7
11 11 13 5
14 7 14 5
10 12 13 5
9 15 13 3
8 17 10 5
12 11 13 4
13 10 12 5
8 14 14 4
11 15 11 3
10 11 12 7
10 16 10 4
12 10 15 3
11 12 13 4
11 19 8 2
11 8 15 6
11 11 14 4
12 18 5 5
13 11 14 2
10 16 13 1
8 12 18 2
9 9 18 4
10 15 11 4
6 9 21 4
16 13 8 3
11 15 11 3
9 14 14 3
16 11 9 4
16 8 12 4
18 7 13 2
11 10 13 6
7 11 18 4
8 13 17 2
11 13 10 6
12 11 13 4
8 13 11 8
14 8 16 2
11 10 14 5
15 8 12 5
10 11 14 5
8 11 18 3
11 12 13 4
12 10 13 5
8 12 16 4
10 8 19 3
11 13 14 2
9 16 9 6
13 12 11 4
8 13 14 5
13 13 11 3
12 10 14 4
9 10 17 4
11 8 15 6
14 15 9 2
12 8 13 7
14 8 12 6
10 12 14 4
14 9 13 4
10 14 11 5
12 11 8 9
16 7 13 4
12 14 11 3
11 13 14 2
8 15 14 3
11 12 11 6
8 9 21 2
11 14 13 2
12 13 11 4
9 13 14 4
15 12 8 5
11 8 16 5
9 13 13 5
7 12 14 7
13 10 10 7
12 11 13 4
9 11 16 4
11 10 16 3
11 9 17 3
9 13 11 7
11 14 10 5
7 11 18 4
8 10 16 6
13 6 16 5
9 6 22 3
15 12 9 4
10 13 12 5
11 10 12 7
8 10 18 4
11 13 12 4
13 11 15 1
13 13 11 3
10 14 11 5
12 8 17 3
13 11 12 4
12 13 10 5
8 18 10 4
8 13 15 4
12 14 11 3
10 13 12 5
10 18 10 2
8 13 10 9
9 15 12 4
12 16 9 3
15 7 13 5
13 11 12 4
9 12 16 3
10 9 15 6
11 13 11 5
14 10 14 2
12 4 18 6
12 13 12 3
9 11 14 6
8 15 16 1
15 10 8 7
15 8 15 2
15 7 15 3
10 11 14 5
8 12 12 8
11 14 10 5
10 17 9 4
12 13 12 3
8 11 15 6
11 10 17 2
12 15 10 3
7 14 14 5
10 18 8 4
12 11 10 7
10 11 15 4
12 12 11 5
14 13 10 3
7 14 14 5
7 11 19 3
12 9 16 3
10 11 16 3
15 12 11 2
7 13 15 5
11 7 18 4
19 8 11 2
9 12 16 3
15 12 8 5
8 9 16 7
9 9 17 5
8 16 10 6
11 12 13 4
9 14 9 8
12 11 13 4
8 9 18 5
11 10 14 5
6 16 15 3
11 10 13 6
9 16 9 6
9 14 12 5
11 9 14 6
11 11 16 2
10 13 13 4
12 10 13 5
14 10 10 6
13 13 10 4
10 12 15 3
9 13 13 5
9 13 13 5
15 8 13 4
13 6 15 6
13 9 14 4
13 11 11 5
15 10 12 3
10 12 16 2
13 9 15 3
11 8 18 3
11 13 12 4
6 9 16 9
13 9 11 7
9 12 13 6
11 12 13 4
13 12 9 6
8 11 17 4
7 11 16 6
8 15 14 3
11 12 13 4
9 13 11 7
13 9 16 2
12 14 11 3
10 7 15 8
11 12 12 5
10 12 14 4
15 11 11 3
9 17 12 2
14 8 13 5
9 14 12 5
11 13 13 3
16 9 12 3
9 12 16 3
13 12 12 3
13 10 10 7
9 18 9 4
16 11 8 5
9 10 17 4
12 8 16 4
11 13 10 6
12 12 12 4
11 11 10 8
12 8 17 3
8 12 15 5
17 11 9 3
10 11 16 3
13 12 12 3
14 7 13 6
14 7 16 3
11 11 12 6
9 14 13 4
8 16 12 4
11 13 14 2
11 13 13 3
11 8 17 4
10 11 16 3
11 14 14 1
9 10 15 6
9 11 16 4
7 11 14 8
9 12 15 4
11 8 15 6
15 7 13 5
14 9 13 4
6 13 15 6
15 8 13 4
12 13 11 4
