Jobs                      20 ranging from [1,99]
Machines                  5
Population               40
Generations             500
Crossover Rate         0.85
Mutation Rate          0.40
Seed                7038.00

Joblist:
[84, 22, 19, 48, 34]
[10, 37, 89, 72, 8]
[29, 84, 90, 31, 22]
[81, 97, 63, 8, 95]
[76, 48, 62, 83, 95]
[64, 93, 72, 28, 52]
[19, 78, 17, 65, 86]
[65, 15, 3, 13, 66]
[92, 88, 19, 11, 19]
[31, 53, 5, 27, 30]
[75, 12, 58, 26, 54]
[78, 97, 37, 19, 94]
[8, 80, 1, 13, 99]
[92, 15, 74, 23, 95]
[97, 46, 39, 10, 3]
[8, 36, 45, 36, 45]
[55, 11, 77, 96, 23]
[76, 22, 69, 66, 57]
[76, 14, 66, 74, 49]
[48, 10, 89, 64, 21]
