FitnessViolationsVariable0	Variable1	Variable2	Restriction0	Restriction1	Restriction2	Restriction3	
0.0251075098  0  0.0716009250  0.8211263995  3.9642571495  0	-10.63359326319809	-0.265270379171636	-2.7623442341933817	-0.40484845025953986	
0.0069605855  0  0.05  0.25  9.1369368642  0	-2.1822711285319523	-0.31687521709526867	-11.297337901035654	-0.8	
0.0048514364  0  0.0576774931  0.25  2.4730354869  0	-0.07886508589480812	-0.42418801339939927	-29.816781006791302	-0.74419616289165	
0.0048514364  0  0.0576774931  0.25  2.4730354869  0	-0.07886508589480812	-0.42418801339939927	-29.816781006791302	-0.74419616289165	
0.0048514364  0  0.0576774931  0.25  2.4730354869  0	-0.07886508589480812	-0.42418801339939927	-29.816781006791302	-0.74419616289165	
0.0042145600  0  0.05  0.2666743272  3.1348786716  0	-1.4727681838055822	-0.11745841263687895	-19.782936873880395	-0.7477943740260695	
0.0031053239  0  0.05  0.3091619489  2.0130711827  0	-0.3290396084216449	-0.16621601087248283	-35.41299394316938	-0.760558700677876	
0.0031053239  0  0.05  0.3091619489  2.0130711827  0	-0.3290396084216449	-0.16621601087248283	-35.41299394316938	-0.760558700677876	
0.0029755273  0  0.05  0.25  2.5851594660  0	-0.007888194160927675	-0.2924818437465311	-39.314884101916874	-0.7936140230284218	
0.0030397405  0  0.0504860208  0.2682421645  2.0  0	-0.012384367658203388	-0.29085002609794675	-39.28899906641541	-0.7875145430577046	
0.0029174611  0  0.05  0.2823841587  2.0742664216  0	-0.011932180911264245	-0.2502387472383133	-41.75965702068548	-0.778172729568778	
0.0028762707  0  0.05  0.2823841587  2.0742664216  0	-0.04112303510381565	-0.23440714371488514	-41.456730886220825	-0.7784105608290922	
0.0028624117  0  0.05  0.2807215944  2.0786484531  0	-0.025002773821585	-0.23864095660457085	-41.87055024420399	-0.7795189370666086	
0.0028556838  0  0.0500549285  0.2793621039  2.0798945962  0	-0.006359078244673633	-0.2445444069649092	-42.310408193312014	-0.7803886450133737	
0.0028556326  0  0.05  0.25  2.1142500375  0	-0.008527720769734959	-0.2465053086515221	-42.091547566979514	-0.7815777575827394	
0.0028322691  0  0.05  0.2832269136  2.0  0	-0.012861547573694398	-0.23226102136613536	-42.771629299592135	-0.7778487242318372	
0.0028285415  0  0.05  0.2828541521  2.0  0	-0.008867656677238767	-0.23321027939923544	-42.88707488049977	-0.7780972319201783	
0.0028213171  0  0.05  0.25  2.0  0	-0.0011571815194997281	-0.23504999689052197	-43.11211934663717	-0.7785788543283296	
0.0028213171  0  0.05  0.25  2.0  0	-0.0011571815194997281	-0.23504999689052197	-43.11211934663717	-0.7785788543283296	
0.0028213171  0  0.05  0.25  2.0  0	-0.0011571815194997281	-0.23504999689052197	-43.11211934663717	-0.7785788543283296	
0.0028206906  0  0.05  0.2820690667  2.0  0	-0.0004903622164149635	-0.23520954299157615	-43.131717433935144	-0.7786206221419377	
0.0028206906  0  0.05  0.2820690667  2.0  0	-0.0004903622164149635	-0.23520954299157615	-43.131717433935144	-0.7786206221419377	
0.0028203959  0  0.05  0.2820395917  2.0  0	-0.00017675403831529657	-0.23528460276586394	-43.14094203300762	-0.7786402721530666	
0.0028203959  0  0.05  0.2820395917  2.0  0	-0.00017675403831529657	-0.23528460276586394	-43.14094203300762	-0.7786402721530666	
0.0028203839  0  0.05  0.2820214222  2.0002407716  0	-0.00010385054687400697	-0.235330872456176	-43.14131587835939	-0.7786523851648375	
0.0028202977  0  0.05  0.2820297736  2.0  0	-7.230605316865812e-05	-0.2353096050937067	-43.14401537892541	-0.7786468175500515	
0.0028202463  0  0.0500000261  0.25  2.0  0	-1.2465576611608853e-05	-0.23532460462760652	-43.14573793998856	-0.7786504192675178	
0.0028202463  0  0.0500000261  0.25  2.0  0	-1.2465576611608853e-05	-0.23532460462760652	-43.14573793998856	-0.7786504192675178	
0.0028202396  0  0.05  0.25  2.0000361157  0	-1.5242966364681365e-06	-0.235330872456176	-43.14583268680881	-0.7786523851648375	
0.0028202347  0  0.0500000193  0.2820232539  2.0  0	-1.4053497838784068e-06	-0.23532707645900253	-43.14607348136004	-0.7786511511639884	
